to	from	long.x	lat.x	long.y	lat.y	col
Berlin	Aachen	13.40154862	52.52181866	6.1	50.7667	4
Berlin	Aarhus	13.40154862	52.52181866	10.2	56.16	5
Berlin	AbuDhabi	13.40154862	52.52181866	54.36659338	24.46668357	1
Berlin	Aix-En-Provence	13.40154862	52.52181866	5.449992634	43.51999086	1
Berlin	Amsterdam	13.40154862	52.52181866	4.916640176	52.34996869	4
Berlin	Amsterdam	13.40154862	52.52181866	4.916640176	52.34996869	1
Berlin	Aria	13.40154862	52.52181866	-117.75	33.64	1
Berlin	Austin	13.40154862	52.52181866	-97.74277836	30.26694969	1
Berlin	Barcelona	13.40154862	52.52181866	2.183370319	41.38329958	2
Berlin	Bayreuth	13.40154862	52.52181866	11.5783	49.9481	1
Berlin	Beijing	13.40154862	52.52181866	116.3882857	39.92889223	1
Berlin	Belzig	13.40154862	52.52181866	12.59363	52.14304	1
Berlin	Bielefeld	13.40154862	52.52181866	8.530011351	52.02998822	3
Berlin	Bochum	13.40154862	52.52181866	7.19654	51.46785	2
Berlin	Bochung	13.40154862	52.52181866	7.21	51.48	1
Berlin	Bologna	13.40154862	52.52181866	11.34002071	44.50042198	1
Berlin	Bonn	13.40154862	52.52181866	7.080022337	50.72045575	10
Berlin	Bordeaux	13.40154862	52.52181866	-0.595013063	44.85001304	1
Berlin	Boston	13.40154862	52.52181866	-71.07001367	42.32996014	5
Berlin	Boston	13.40154862	52.52181866	-71.07001367	42.32996014	1
Berlin	Bozen	13.40154862	52.52181866	11.35	46.49	3
Berlin	Braga	13.40154862	52.52181866	-8.421331219	41.55499453	1
Berlin	Bremen	13.40154862	52.52181866	8.80002071	53.08000165	1
Berlin	Breslau	13.40154862	52.52181866	17.038	51.108	2
Berlin	Brighton	13.40154862	52.52181866	-0.169974407	50.83034568	1
Berlin	Brodten	13.40154862	52.52181866	10.85	53.98	1
Berlin	Brussels	13.40154862	52.52181866	4.333316608	50.83331708	3
Berlin	Budapest	13.40154862	52.52181866	19.08332068	47.50000633	5
Berlin	Cambridge	13.40154862	52.52181866	0.116623086	52.20039125	3
Berlin	Cargèse	13.40154862	52.52181866	8.59	42.13	1
Berlin	Chicago	13.40154862	52.52181866	-87.75005497	41.82999066	4
Berlin	China	13.40154862	52.52181866	104.19	35.86	2
Berlin	Cleveland	13.40154862	52.52181866	-81.69499821	41.4699868	1
Berlin	Constance	13.40154862	52.52181866	9.17	47.67	1
Berlin	Copenhagen	13.40154862	52.52181866	12.56	55.67	18
Berlin	DenHaag	13.40154862	52.52181866	4.03	52.07	1
Berlin	Dortmund	13.40154862	52.52181866	7.450025593	51.52996706	5
Berlin	Dresden	13.40154862	52.52181866	13.75000281	51.04997052	5
Berlin	Drübeck	13.40154862	52.52181866	10.71	51.85	10
Berlin	Dubrovnik	13.40154862	52.52181866	18.09139156	42.66094769	1
Berlin	Duisburg	13.40154862	52.52181866	6.750016641	51.42997316	4
Berlin	Durham	13.40154862	52.52181866	-78.91999964	35.99995892	1
Berlin	Düsseldorf	13.40154862	52.52181866	6.779988972	51.22037355	1
Berlin	Edinburg	13.40154862	52.52181866	-98.1599622	26.30318646	3
Berlin	Eindhoven	13.40154862	52.52181866	5.50001542	51.42997316	1
Berlin	Eltville	13.40154862	52.52181866	8.1166667	50.0333333	1
Berlin	Erice	13.40154862	52.52181866	12.58	38.03	1
Berlin	Essen	13.40154862	52.52181866	7.016615355	51.44999778	7
Berlin	Florence	13.40154862	52.52181866	11.25000036	43.78000083	3
Berlin	Florenz	13.40154862	52.52181866	11.25	43.76	1
Berlin	Frankfurt(Oder)	13.40154862	52.52181866	14.54015	52.34399	1
Berlin	FrankfurtamMain	13.40154862	52.52181866	8.68333	50.1167	18
Berlin	Freiberg	13.40154862	52.52181866	9.2049	48.8363	1
Berlin	Freiburg	13.40154862	52.52181866	7.869948281	48.00041506	5
Berlin	Frejus	13.40154862	52.52181866	6.73	43.43	2
Berlin	Fürstenried	13.40154862	52.52181866	11.48	48.09	1
Berlin	Gerzensee	13.40154862	52.52181866	7.54	46.83	1
Berlin	Glasgow	13.40154862	52.52181866	-4.250707236	55.87440472	3
Berlin	Göteborg	13.40154862	52.52181866	12.0000321	57.75000083	1
Berlin	Gothenburg	13.40154862	52.52181866	11.97	57.7	1
Berlin	Göttingen	13.40154862	52.52181866	9.920004027	51.52043276	9
Berlin	Graz	13.40154862	52.52181866	15.41000484	47.0777582	2
Berlin	Grünheide	13.40154862	52.52181866	13.83	52.41	1
Berlin	Haindorf	13.40154862	52.52181866	12.1833333	49.4666667	15
Berlin	Halle	13.40154862	52.52181866	11.968802	51.49698	3
Berlin	Hamburg	13.40154862	52.52181866	9.999999144	53.55002464	4
Berlin	Hangshou	13.40154862	52.52181866	120.15	30.27	1
Berlin	Hannover	13.40154862	52.52181866	9.716657266	52.36697023	1
Berlin	Havanna	13.40154862	52.52181866	-82.36	23.11	1
Berlin	Heidelberg	13.40154862	52.52181866	8.699975137	49.41999249	4
Berlin	Helsinki	13.40154862	52.52181866	24.93412634	60.17556337	1
Berlin	HongKong	13.40154862	52.52181866	114.1850093	22.3049809	5
Berlin	Hsinchu	13.40154862	52.52181866	120.9767395	24.8167914	1
Berlin	Istanbul	13.40154862	52.52181866	29.01000159	41.10499615	4
Berlin	Japan	13.40154862	52.52181866	138.25	36.2	2
Berlin	Jena	13.40154862	52.52181866	11.58000606	50.93044293	2
Berlin	Jerusalem	13.40154862	52.52181866	35.20662593	31.77840782	1
Berlin	Kairo	13.40154862	52.52181866	31.23	30.04	1
Berlin	Karlsruhe	13.40154862	52.52181866	8.399993448	48.99999229	1
Berlin	Kiel	13.40154862	52.52181866	10.13001705	54.33039044	2
Berlin	Konstanz	13.40154862	52.52181866	8.9090004	47.776716	2
Berlin	Korea	13.40154862	52.52181866	127.97	37.66	1
Berlin	Korfu	13.40154862	52.52181866	19.92	39.62	1
Berlin	Krakau	13.40154862	52.52181866	19.94	50.06	3
Berlin	Lambrecht	13.40154862	52.52181866	8.07	49.37	1
Berlin	LeMans	13.40154862	52.52181866	0.099983275	48.00041506	2
Berlin	Lecce	13.40154862	52.52181866	18.14999263	40.36039044	1
Berlin	Leipzig	13.40154862	52.52181866	12.40998124	51.33540529	3
Berlin	Leuven	13.40154862	52.52181866	4.7	50.87	1
Berlin	Linz	13.40154862	52.52181866	14.28878129	48.31923281	1
Berlin	Ljubliana	13.40154862	52.52181866	14.05	46.05	3
Berlin	Ljubljana	13.40154862	52.52181866	14.51496903	46.05528831	1
Berlin	London	13.40154862	52.52181866	-81.24998661	42.9699986	9
Berlin	Louvain	13.40154862	52.52181866	4.7005	50.879	1
Berlin	Lübeck	13.40154862	52.52181866	10.68	53.86	1
Berlin	Lyon	13.40154862	52.52181866	4.830030475	45.77000856	1
Berlin	Maastricht	13.40154862	52.52181866	5.677002477	50.85299707	2
Berlin	Macao	13.40154862	52.52181866	113.54	22.19	1
Berlin	Madrid	13.40154862	52.52181866	-3.683351686	40.40002626	2
Berlin	Magdeburg	13.40154862	52.52181866	11.62000362	52.13042137	1
Berlin	Mainz	13.40154862	52.52181866	8.273219156	49.98247246	4
Berlin	Malaga	13.40154862	52.52181866	-4.419999228	36.7204059	2
Berlin	Mannheim	13.40154862	52.52181866	8.470015013	49.50037518	3
Berlin	Marseille	13.40154862	52.52181866	5.37501013	43.28997906	6
Berlin	Melbourne	13.40154862	52.52181866	144.9750162	-37.82003131	1
Berlin	Milan	13.40154862	52.52181866	9.20500891	45.4699752	2
Berlin	Minneapolis	13.40154862	52.52181866	-93.25178634	44.97997927	3
Berlin	MonteVerita	13.40154862	52.52181866	8.76	46.15	1
Berlin	Montpellier	13.40154862	52.52181866	3.869985716	43.61039878	1
Berlin	Montreal	13.40154862	52.52181866	-73.56	45.5	1
Berlin	Moscow	13.40154862	52.52181866	37.61552283	55.75216412	1
Berlin	Motzen	13.40154862	52.52181866	13.58	52.21	5
Berlin	Munich	13.40154862	52.52181866	11.57499345	48.12994204	10
Berlin	Münster	13.40154862	52.52181866	7.620041055	51.97040529	3
Berlin	Nantes	13.40154862	52.52181866	-1.590016929	47.21038576	1
Berlin	NewOrleans	13.40154862	52.52181866	-90.03996688	29.99500246	1
Berlin	NewYorkCity	13.40154862	52.52181866	-74.0059	40.71	9
Berlin	Nikosia	13.40154862	52.52181866	33.38	35.185	1
Berlin	Nottingham	13.40154862	52.52181866	-1.170016725	52.97034426	4
Berlin	Nürnberg	13.40154862	52.52181866	11.0799849	49.44999066	3
Berlin	Oberwolfach	13.40154862	52.52181866	8.21667	48.3167	9
Berlin	Oslo	13.40154862	52.52181866	10.74997921	59.91669029	6
Berlin	Oviedo	13.40154862	52.52181866	-5.829990683	43.35049217	1
Berlin	Paris	13.40154862	52.52181866	2.333335326	48.86669293	8
Berlin	Peking	13.40154862	52.52181866	116.407	39.9	2
Berlin	Philadelphia	13.40154862	52.52181866	-75.16999597	39.99997316	1
Berlin	Piraeus	13.40154862	52.52181866	23.64	37.94	1
Berlin	Pisa	13.40154862	52.52181866	10.40002641	43.72046958	4
Berlin	Prag	13.40154862	52.52181866	13.4833333	48.7	8
Berlin	Prague	13.40154862	52.52181866	14.46597978	50.08333701	9
Berlin	Princeton	13.40154862	52.52181866	-74.65	40.34	5
Berlin	Princeton	13.40154862	52.52181866	-74.65	40.34	14
Berlin	Rauischholzhausen	13.40154862	52.52181866	8.8833333	50.75	4
Berlin	Rijeka	13.40154862	52.52181866	14.45001176	45.32998374	1
Berlin	Salerno	13.40154862	52.52181866	14.76994055	40.68039675	1
Berlin	Salzburg	13.40154862	52.52181866	13.0400203	47.81047833	1
Berlin	SanDiego	13.40154862	52.52181866	-117.1799899	32.82002382	1
Berlin	SanFrancisco	13.40154862	52.52181866	-62.08996749	-31.43003375	1
Berlin	Santander	13.40154862	52.52181866	-3.799985394	43.3804645	1
Berlin	SaoPaulo	13.40154862	52.52181866	-46.62501998	-23.55867959	2
Berlin	Shanghai	13.40154862	52.52181866	121.4365047	31.21645245	6
Berlin	Sheffield	13.40154862	52.52181866	-1.499996583	53.36667666	1
Berlin	Siegen	13.40154862	52.52181866	8.03333	50.8667	1
Berlin	Singapore	13.40154862	52.52181866	103.8558207	1.293033466	19
Berlin	Stanford	13.40154862	52.52181866	-122.166	37.4241	1
Berlin	Stettin	13.40154862	52.52181866	14.55	53.42	7
Berlin	Stolberg	13.40154862	52.52181866	10.95	51.57	16
Berlin	StonyBrook	13.40154862	52.52181866	-73.14	40.92	1
Berlin	Südafrika	13.40154862	52.52181866	22.93	-30.55	1
Berlin	Surrey	13.40154862	52.52181866	-0.559	51.31	2
Berlin	Sydney	13.40154862	52.52181866	151.1851798	-33.92001097	7
Berlin	Sylt	13.40154862	52.52181866	8.31	54.9	1
Berlin	Taipei	13.40154862	52.52181866	121.5683333	25.03583333	2
Berlin	Taiwan	13.40154862	52.52181866	120.96	23.69	8
Berlin	Tallin	13.40154862	52.52181866	24.75	59.43	1
Berlin	Texas	13.40154862	52.52181866	-99.9	31.96	1
Berlin	Tilburg	13.40154862	52.52181866	5.0919	51.56	1
Berlin	Tokyo	13.40154862	52.52181866	139.7514074	35.68501691	2
Berlin	Toronto	13.40154862	52.52181866	-79.42002079	43.69997988	2
Berlin	Torun	13.40154862	52.52181866	18.59	53.01	1
Berlin	Toulouse	13.40154862	52.52181866	1.449926716	43.61995892	5
Berlin	Tübingen	13.40154862	52.52181866	9.057	48.52	2
Berlin	Ulm	13.40154862	52.52181866	9.999999144	48.40039064	2
Berlin	USA	13.40154862	52.52181866	-95.71	37.09	3
Berlin	Valencia	13.40154862	52.52181866	-0.400012046	39.48501752	1
Berlin	Vancouver	13.40154862	52.52181866	-123.1216442	49.27341658	3
Berlin	Verona	13.40154862	52.52181866	10.99001623	45.44039044	1
Berlin	Vienna	13.40154862	52.52181866	16.36663896	48.20001528	5
Berlin	Warsaw	13.40154862	52.52181866	20.99999955	52.25000063	2
Berlin	Warwick	13.40154862	52.52181866	152.0203226	-28.22924721	2
Berlin	Washington	13.40154862	52.52181866	-77.03	38.9	4
Berlin	Wien	13.40154862	52.52181866	16.37	48.2	3
Berlin	Xiamen	13.40154862	52.52181866	118.080017	24.44999208	10
Berlin	Zagreb	13.40154862	52.52181866	15.99999467	45.80000673	4
Berlin	Zurich	13.40154862	52.52181866	9.057	48.52	1
Berlin	Zürich	13.40154862	52.52181866	8.55001013	47.37998781	8
Berlin	Zypern	13.40154862	52.52181866	33.42	35.12	1
